Dungeon Map Analysis
=====================

Total Nodes: 167

Dead Ends (Nodes with no exits):
56, 77, 104, 107, 128, 152, 160, 165, 167

Single Entry Nodes:
14, 15, 21, 22, 23, 25, 26, 27, 28, 33, 34, 36, 37, 39, 43, 47, 49, 52, 53, 54, 55, 58, 62, 64, 65, 68, 70, 72, 73, 77, 78, 79, 80, 81, 83, 93, 94, 95, 97, 98, 101, 102, 103, 104, 105, 107, 108, 117, 118, 119, 120, 122, 124, 125, 130, 134, 137, 139, 141, 142, 147, 148, 150, 151, 153, 158, 163, 164, 166, 167

Unreachable Nodes (No incoming edges, except start):
51, 106, 128, 152, 160, 165
